# Mother Cluster: 
# Cluster size: 4520
# Cluster nr: 588
# At Cut: 0.0008718171
# Number of Children (surviving cluster size threshold): 11
# Number of Clusters in misc. cluster: 58
# ...totalling in 13.4 % of mothers size
Children clusters: 
cluster_sizes cluster_numbers
2319 1545
294 1555
134 1572
73 1567
69 1579
57 1557
53 1553
51 1583
50 1560
50 1551
42 1574
filtered clusters: 
cluster_sizes cluster_numbers
36 1600
36 1586
35 1581
34 1569
32 1585
23 1575
23 1550
20 1564
15 1548
12 1573
12 1562
11 1596
11 1578
11 1576
11 1547
10 1611
10 1603
10 1559
9 1601
9 1595
9 1582
9 1549
8 1597
8 1588
8 1587
7 1613
7 1609
7 1608
7 1606
7 1602
7 1593
7 1592
7 1570
7 1566
6 1612
6 1604
6 1599
6 1598
6 1591
6 1580
6 1577
6 1571
6 1565
6 1561
6 1552
5 1610
5 1607
5 1605
5 1594
5 1590
5 1589
5 1584
5 1568
5 1563
5 1558
5 1556
5 1554
5 1546
